A = [2 3;4 5]
b = [10;8]
x=A\b